1896762183
1634753613
398193973
887060159
988614839
568622234
531657688
2038790696
706156140
1371611658
1587669108
1470384181
1652604038
1910060015
1793116749
1275182092
98623184
1849961651
1037227091
1550955738
756581280
610899073
261403604
1806314313
1895824599
909164854
987552773
2045831795
934306448
488044672
1326754411
1438678876
1357487359
423776985
1364013443
586004776
622265090
164006740
1239760079
1761304559
1331132865
2012911256
1689588401
735991326
300409362
246093037
32168737
1641567362
1100240125
1901580205
1006870781
306077907
1028048384
1903249773
1150012746
911399022
2029992350
1008726561
1431401309
1449986669
281519727
595577348
447209169
51738883
1992013193
495678021
771432234
1102779899
1637888883
1553069335
1920067707
341188080
566723070
824663045
252339577
1938551461
1759996390
819572952
602492406
704472037
984179948
1193336842
1062524161
1517049122
2118736270
26655336
1319633576
2017889263
1603089817
800719057
1552658897
1464287182
112073254
272021559
2021141297
425450433
1572366568
1978632041
1084439292
477468555
1815098693
1358527616
727507208
1589242485
2144327656
644350438
1985263292
866725205
668942834
845318993
1671990446
1319904927
136034579
1410568845
1358598682
1921913470
1298155763
1817538868
1568359548
1204639958
2055433837
1254552817
1274749073
1410807439
1073680746
47212281
1075341024
34217216
1710615563
1952184952
1117329398
1358182818
1374938163
1661663821
1706493959
1399863228
1817920111
1533459708
906064709
423023286
1581496232
802072305
674377916
1998428993
951846271
1074590194
299919288
599353907
1642810519
519143354
16292917
1104632850
568181635
1716444883
1141318430
814918006
1823709923
58582230
1044029284
2058780198
1662267322
1112117031
1800760176
889240861
1132451354
2109826964
611804684
449622152
1952038518
803696807
60095619
709754443
1718748063
1196159044
1250632941
1965386198
1799855279
713022511
810592117
2132937498
336009515
1577410642
855037879
1808550276
820949094
108990883
6219690
1455114774
570234582
1860586760
1372291353
126401091
561809554
1995061866
195117604
134041459
124455710
78045792
1750601474
1833009618
1739733511
1711265472
2137787280
241917003
712525650
1049783878
2139477441
731165519
797449699
291650166
1206657508
1604658335
1392997319
239220839
495253889
85496651
275653514
786383219
1128398095
558696008
1205301772
293639853
287588565
1662806205
1579189024
679533095
594692919
614996495
407298454
1434733389
1617680407
1211629429
1415872349
300277236
172935002
973204223
1407920409
1943491417
1033974649
574254219
699149115
1716143068
363681019
648426971
1780076719
1154729876
735307993
1700533513
6895068
2068774585
2134205165
166852314
1820682063
708946738
1028552010
1777757367
828086458
1955067046
164559375
1937961936
441784303
1217812842
113795937
1307867329
1831071458
1377333096
1111113459
2113594748
1659924609
392845286
1185990924
6248214
1934517642
535593514
1616225221
376638444
1528020599
1832756567
1781672648
60221168
672372839
511354559
106517819
1391105982
663774585
2029387577
1581724985
351756682
2099557830
1964644953
79168799
1297627300
1525595815
1881601172
226712082
713972396
1742923783
1643075801
682770634
1320919717
11740933
1908849054
767848045
992857492
1007930854
942855642
292943881
1475289043
336757439
1262867428
1431979095
423417736
1768566441
975015760
1789651710
1020330088
1030867721
2043206498
1908096356
1002154641
498807866
1835129621
863401933
649285152
1171139257
1649867644
1016642644
1333022176
1554306528
1238733988
1695662298
1888246796
250565006
30624075
1450236892
192050394
123050517
83287158
1795410309
1168339366
1836739841
9082062
170877097
745733240
824000788
2006688060
175548285
1944978664
260331214
962524759
159311662
1786479072
1384894397
1492364193
1703478438
110125662
1898581167
2141646643
681721534
868565193
1528850092
741659889
1082667235
759277614
831028024
2001842927
347776540
1777304293
1803206328
1199528232
2042000835
971871138
477597284
1831163349
774261486
1409378029
671906993
1271815425
1497109384
1999008636
2103971584
984680786
1020986520
1326102110
1212874204
861969304
193409666
1493498551
1441280521
2133661934
1774187132
952688929
204757671
1093374003
319301042
2078462688
1753395114
1541076864
78586781
105585362
751686712
2099756930
1015951359
452013416
1339823273
2043710516
1789192294
1888859964
1966144994
1668037769
1459255645
1446376775
1887057032
1729037928
191744692
1427567944
1447130524
1670414593
604347320
1815240577
1595688357
958432363
97888794
244487156
959414181
1566918391
605434376
758037946
1470764418
1600796356
909225676
2009788127
738766826
1851081275
527394836
1259997483
441453714
2104054460
230094071
1720486697
352609624
1402568495
40702346
1184529476
1213495442
565698135
778449676
933327008
1206465768
529567802
1273815046
745001179
1405153443
536250442
1919795882
67592599
9962130
2077278091
1171226158
962929104
512687136
1028302988
1887411907
1250971112
1206575254
222215357
299442966
1183744641
907675479
1725430912
1845652543
1628492933
401643916
888193691
712534340
1195836708
128099083
1182673687
88020777
1896449903
681230947
1213204072
2111093486
423403468
1528764165
1444968447
1839608453
977203712
2055338975
1807690830
1408625701
912432179
66909226
1409414001
1276488397
578854849
712526233
1059582359
1466306789
1843353398
1641468564
1587225786
461922268
374174371
916534981
303225736
336250621
1334711890
2036042315
1758756907
1462418641
919759372
808474098
895130517
1335651984
656332997
1512669587
1526335523
1428971646
1416829921
1361804311
2111828898
2046054717
385989208
1920004916
1433343390
1878287331
365561217
36660052
1965170922
329195194
865750886
1473432577
1347388082
336436559
164804562
1763852551
1205561469
363400038
220946598
450246923
1715146480
793895679
688778142
1357375264
687279967
1947351803
1490972741
1939664791
1144380877
745857207
760030510
600049214
443933386
830228824
1454590409
347166615
116229406
1404991519
2109761068
1651774259
848866244
1161095887
354672520
1713923215
1709317294
1607014339
188167254
1431109594
842099958
1256760376
1869971187
182566064
1781189732
533786544
1311251489
726590109
1207945121
1770733556
890495566
745441819
221055335
130306035
1767693952
1343478666
1202874904
307458670
612212008
853065679
874039581
1195092387
503197918
456805940
283395555
2057847486
1018562267
1383871232
1475899214
2001966848
283033140
261705875
444132069
2022010358
2146856778
201630952
82215298
960528465
967336756
1577650302
588036205
404753941
1618776338
303588923
2145367236
936702322
2100793344
1255092281
1751585933
1198942855
793504184
551372618
527653921
1319471784
1446134766
2114579063
1023437638
1719853043
440205081
445632452
1469143675
130772519
1017955952
1930953262
758600970
196090551
1453976159
760885100
2078241462
182733379
298285643
1059969803
1535627156
827141246
1101274491
2106300391
1470234389
1282533541
1247858648
435000334
1016279150
1666229459
1131760533
1236616652
469334498
397472455
1645409015
1242392686
910373821
1979308319
1713225403
718609245
217549987
1345464315
215939295
44367635
510015936
1230601175
298943968
1387019843
707513116
555987173
775068514
2088195743
2128093327
524406104
420502640
19188203
373580771
1677318016
666060743
1798139437
1939637075
678558065
1387232885
2140626363
713744750
64361108
1532867715
1693856593
1604533919
1449421254
1516008057
1801425991
1342175331
772560029
730277641
907269682
1347651674
471660009
827630186
728954483
143789646
753477447
2131869017
1705402171
230051488
1004794216
1912471951
1528335808
688023289
1555462775
1344424494
2067020571
571779278
2052488668
1147221315
1240458439
613739197
750727438
1009624341
1488004240
1440192365
1024893218
413982339
2101638940
434638724
1381150821
851108124
185667401
218269516
553686336
759606701
2067025939
661999254
108686871
1339140947
1313275669
387245017
1551550309
12117842
1801107676
287222420
1951458131
1786550733
441817177
1770326160
485841935
812575651
1110455084
1785704358
1249178081
1135874295
1657137882
800964831
1388415221
537311045
417997680
867998423
593081290
1445635303
162555363
468786957
1932369103
932320540
1470627268
1443199953
33817206
1430098434
1027403014
1793934418
2132843093
896828327
1953457243
1025887765
2096948239
1054921956
448324860
1623288344
974946120
61921223